efile.eins <- 
c("341200331", "351329223", "521708782", "237376539", "550662121", 
"721462917", "741117341", "760340110", "341212421", "460442430", 
"841452505", "421445015", "346565185", "261947374", "911218499", 
"340149250", "383080448", "742379330", "222597077", "330707525", 
"721151998", "251694686", "341291205", "264331988", "133212867", 
"311531658", "522438418", "730772321", "111630919", "382460526", 
"311119704", "910823767", "204216595", "351112746", "222456648", 
"161137874", "510181688", "943154096", "363290055", "943047544", 
"364322147", "411386993", "330839356", "341346763", "237173177", 
"742722512", "911956539", "521851373", "300315618", "237135627", 
"746241715", "222951612", "383666288", "721116016", "630984185", 
"593079635", "391286685", "954552630", "411543292", "237348835", 
"721526567", "341949515", "330944779", "222333827", "112911043", 
"450333456", "411836919", "300622312", "204385635", "943247154", 
"222191674", "680183692", "611274340", "383072010", "112710506", 
"943155150", "141558673", "202526058", "311780332", "330839354", 
"900292647", "916066958", "300034668", "942761808", "364500925", 
"364377387", "954172060", "640781871", "521549551", "237120670", 
"954337245", "841316839", "593208913", "231412034", "562049991", 
"746072152", "352160939", "562273434", "941606519", "310718042", 
"561748199", "362889871", "251325425", "382956439", "570476252", 
"350942628", "383008147", "591586520", "954247392", "581932474", 
"356060655", "582238117", "431787451", "136532871", "133570544", 
"943150642", "941699153", "752137179", "561052823", "954469873", 
"860946768", "770197933", "631254397", "221911104", "521299516", 
"420890017", "760730249", "592880071", "640433629", "521942747", 
"113099604", "351886746", "232732149", "341813232", "352018453", 
"133582492", "113048002", "341094413", "460348804", "260829057", 
"876164397", "311387771", "356055737", "311208260", "363705448", 
"351112290", "592382744", "391742974", "411455507", "314379438", 
"541680631", "752144518", "450448222", "470597743", "311619755", 
"133552154", "561608119", "750808769", "222978853", "383245099", 
"362864028", "910715658", "478184602", "582140910", "581599166", 
"930790440", "510333030", "383142455", "592509116", "223880639", 
"391863020", "592236174", "221818014", "550492209", "381887347", 
"161160170", "391047172", "954393915", "611304977", "610678585", 
"951661119", "522145231", "383239216", "223669704", "920138519", 
"363807011", "340967230", "351640064", "910666889", "930884929", 
"742255208", "510185430", "410906178", "363537852", "621572386", 
"311328492", "222762202", "911342397", "880059425", "570875989", 
"251794823", "382437758", "141629449", "222959566", "610865554", 
"820461980", "731450790", "411464428", "112534700", "541599433", 
"251730915", "841188208", "232020123", "237431255", "510168908", 
"582201869", "113669999", "383395829", "611278580", "911040643", 
"391584731", "430838508", "232364586", "610863958", "251197287", 
"942787111", "237279074", "232826280", "251589088", "222598353", 
"611199448", "382999284", "223565726", "141636391", "202188815", 
"300118179", "582599261", "351801672", "562076696", "953779389", 
"311148265", "592575950", "341326318", "232179648", "900462595", 
"990112851", "330477940", "251635121", "480832017", "383095570", 
"880247057", "222754566", "860215009", "742699476", "621512543", 
"470493594", "233079514", "133652630", "161165275", "233001829", 
"382317342", "232754641", "541385198", "223512206", "410942639", 
"810465605", "860298945", "590875805", "351961274", "540788796", 
"930575647", "710679937", "660219758", "460348636", "221487580", 
"593342379", "742148804", "610660969", "363239412", "383000516", 
"943080214", "237088799", "311240715", "940276025", "383022249", 
"232326550", "362984043", "912134463", "161170113", "591221966", 
"592999635", "222746890", "954425590", "382391381", "222599363", 
"943205085", "391180475", "470645229", "470950622", "521743801", 
"860701189", "383119757", "376147532", "420923813", "351091794", 
"930877440", "331055985", "810543240", "942612564", "311605969", 
"391943549", "132802083", "341094249", "222066146", "382869007", 
"460243934", "263443336", "621597364", "411649643", "550830072", 
"720875349", "954400374", "320115907", "381974024", "310718027", 
"203178404", "421404432", "264307457", "383220220", "223182444", 
"383091170", "954444102", "931160339", "382221284", "591101989", 
"460282100", "363276322", "770413992", "470913445", "270947808", 
"411794924", "930683413", "431273889", "581537535", "530159845", 
"222518284", "383099281", "390806291", "223010422", "381359200", 
"620757461", "650531530", "421114396", "941592676", "521099392", 
"841158819", "261808937", "201952464", "410904809", "420923424", 
"311535241", "943087060", "731397452", "383585863", "161190886", 
"237324914", "954689169", "741549077", "232913784", "341080125", 
"521000521", "954531076", "561657193", "943255886", "931010260", 
"391943553", "341715222", "610728039", "592252756", "310811788", 
"430828205", "223004892", "571020951", "621840897", "232841042", 
"810389825", "231722988", "751213282", "237415846", "222536446", 
"381802755", "721534324", "731135031", "362480845", "841549702", 
"911914868", "593212709", "841212246", "237369341", "382487626", 
"953451280", "231664406", "160998428", "550486604", "582118369", 
"941567871", "610663787", "810583436", "850388252", "521685708", 
"621157233", "550479026", "112665181", "541055050", "840853925", 
"651193882", "416050237", "382227805", "460442266", "611154315", 
"591235202", "430837257", "237319371", "222982267", "770601589", 
"410888083", "593171557", "237121924", "231971240", "910933023", 
"382411774", "382027389", "222925052", "640744873", "510104704", 
"820532242", "570840667", "223332169", "850194018", "592997945", 
"930638731", "752052605", "363789879", "161159574", "640432686", 
"581687098", "351965214", "593664580", "581139742", "952402760", 
"416049739", "310986871", "160911473", "630985638", "370673453", 
"381747660", "208250602", "370867327", "391076125", "310900246", 
"591117362", "371250364", "820450752", "751230219", "383445097", 
"610650246", "232525528", "201484525", "611311812", "850196493", 
"222423496", "550485438", "363376432", "480874804", "470495122", 
"382447541", "942389209", "141987692", "200436490", "381802280", 
"610703486", "581727980", "330833640", "721311778", "943112338", 
"237131446", "141493667", "362706578", "810500256", "720643183", 
"560861200", "222719744", "941671958", "566065297", "222391978", 
"251193018", "860593598", "561876389", "570479691", "231429810", 
"431263499", "430838255", "720408911", "510265779", "580974656", 
"930587136", "510298556", "431195240", "362474251", "223001721", 
"840837398", "592471253", "222779170", "350965642", "522277289", 
"820299736", "420989589", "931131757", "742685268", "250965412", 
"383207834", "383372734", "237417424", "382105275", "610444846", 
"591855782", "363810926", "222536011", "510141323", "135562202", 
"222483475", "363266748", "611012290", "237426312", "581260205", 
"581966772", "131624178", "810235415", "410900982", "930397825", 
"900140291", "741495127", "341230687", "751226644", "742457919", 
"351022158", "920033876", "382420565", "581485957", "742401708", 
"742717029", "931111589", "237377602", "340714776", "236398764", 
"520886996", "911628177", "317170004", "237121174", "222670895", 
"223671031", "870622732", "730960311", "431822719", "930554156", 
"941612823", "911599354", "650545058", "743248920", "222895732", 
"731651113", "860326269", "720760857", "570827063", "930977166", 
"731116755", "470950615", "611208995", "770359848", "311145544", 
"510159122", "990348767", "237390996", "911427020", "591902966", 
"383582600", "133627527", "231734559", "381948285", "930714716", 
"362169136", "330468093", "520817684", "920039475", "521402373", 
"341551475", "382263817", "231930630", "621754514", "836006897", 
